0,6375508, 2389596, 3029904
1,8089307, 3060882, 8419726
2,7.76E+07, 7048704, 4156104, 4909895, 8341068, 5930469, 6922785, 8393280, 1792590, 4.61E+10
3,1445649, 7608331, 6272784, 8040080
4,3834220, 4876137, 7600096, 8813380, 7276272, 5237071, 1197348
5,8382271, 8195264, 1677270
6,1.44E+19, 8591491, 7.64E+16, 7.97E+14
7,709559, 8681504, 4562941, 4328815, 2750984
8,575021, 5.37E+07, 9620577, 6874761, 8464246, 5415864, 6577581, 809173
9,6281231, 2.74E+06, 5542766, 8.62E+18, 6321215, 3389419, 5326349, 2211935
10,9060458, 7969011, 7985846, 3067444, 9270731, 6953384, 2600374, 2064890, 5451626
11,7.92E+18, 2254374, 3928496, 6754488, 6115563, 7605881, 8392510, 3175579
12,4579461, 7116392, 3438587, 4637720, 9466028, 5822718, 1921045
13,3761303, 9903283, 940253, 7304420, 3177313, 8244753, 1843274, 5281681, 7379009, 2.78E+10
14,7612415, 9.03E+10, 2.83E+07, 2106718
15,1543118, 8404812, 3818719, 2508059, 5184954, 9278401, 6429442, 2234103, 730609
16,3.86E+19, 7988130, 6300093, 2747136
17,2.34E+12, 5.34E+16, 9986503, 3578162, 9708881, 8721177, 5.72E+12, 3.86E+19, 1524815
18,2630986, 624845, 966544, 4541592
19,2679617, 6840691, 993691, 7034186, 5033075, 998073, 4.95E+16, 2437057, 7638337
20,8432422, 528803
21,9373009, 8.81E+10, 8.12E+12, 5081894, 4328768, 6051666, 1376799, 9.89E+06
22,3956742, 8370968, 1626209, 3631354, 5390218, 2.17E+20, 8876546, 677852, 2396858
23,3598831, 5460522, 1.46E+10, 1802636, 9922912, 2765579
24,6371081, 6317394, 2678689, 8.59E+14, 8632776
25,8729437
26,2.68E+09, 3271210
27,3071425, 9293234, 8.00E+15, 3792508, 5861836, 3858920, 9132665
28,
29,5949513, 3.63E+06, 4381265, 9.02E+17, 3393607, 2.38E+11, 2.41E+17, 6538896
30,1296447, 2109118
31,6036715, 3368510
32,5129772, 4184314, 4650779, 3159602, 6727545, 7872226, 4516096, 6.00E+13, 1.30E+17, 2193910
33,9407139, 3299501, 6606359, 6845267, 2.76E+12, 8.30E+08, 3671815, 2.87E+09, 8533602, 2976792
34,9174577
35,
36,2937179, 702011, 729722, 6062628, 5666343, 795618, 9658440, 4602227
37,4934803, 9999964, 7.91E+13
38,2289647, 7097218, 787528
39,3.54E+20, 2571850, 2866097, 6827751, 3718843, 7981071
40,1671567
41,4425342, 4708625, 9251585, 4281346, 9605524, 5735380, 6040862
42,1456374, 8363382
43,6.42E+07, 8816947, 2217566, 6541378, 2203988, 7.19E+17, 7.48E+11, 9979217
44,5031186, 4751898, 2457889, 3554633, 5487086, 9148451, 5.76E+08, 3218733
45,8141841, 2028439
46,5577120, 4661336
47,945992
48,1096183
49,8.29E+18, 3.34E+11
50,8.09E+12, 8977668
51,5852797, 7167773, 8.41E+14, 7090963, 4634377, 8.80E+14, 1258706, 6743644
52,
53,6182022, 7761749, 1.58E+08
54,
55,4302324, 5304086, 9.29E+09
56,1400460
57,5.27E+08, 6068676, 1650536, 6348937, 9560020, 5090199, 1605482, 3740900, 7032547
58,3648060, 8718182, 1574607, 3649751, 6030672, 9881538, 5310292, 3470443, 7608571
59,7312319, 4003258, 1788746, 1046061
60,4461895, 1115159
61,911154, 9645276, 7454863, 2448680, 4.67E+20, 658398, 8616584, 1977099
62,8891004, 9646394, 7174038, 7765091
63,7480595, 4.18E+07, 5504192, 6056620, 8.94E+10
64,4795896, 8494256, 9355453, 7451831, 4490513, 9307578
65,
66,8597448, 2160852, 2408967, 8.87E+05, 7934553, 8023687, 4866784, 9808858, 3189556
67,3958037, 2598729, 3109646, 2429599, 5827678, 4599255, 1117350, 2435482
68,6279435, 5.24E+07, 5217059, 6647201
69,8995217
70,7656769, 5.32E+19, 8955370, 5645981, 6524071, 5138138, 8880394, 1.06E+17
71,8599405, 651526, 4926342, 5483696, 1806441, 9915649, 4546747
72,3.59E+19, 4987233, 7877877
73,3194191, 7942744, 545259, 5362284
74,6787910, 937071, 4635287, 2318703, 4440839, 9.07E+17, 1.76E+15, 6.36E+13
75,2792269, 4950175, 8311710, 4309079, 9.25E+14, 7005544
76,8009795, 6125949, 7697918, 2178754, 9433670
77,6458780, 9190455, 5.28E+15, 2099151, 5947802, 6.89E+10, 1000542, 5167853, 1523163, 5310507
78,6334124, 2640386, 9248569, 4.36E+07, 5.15E+13, 1846819, 1504195, 9.16E+16, 630889, 5061772
79,702237, 1499688, 1482952, 4825444, 6461882, 3087992, 8597824, 7523942, 608181
80,5478877, 6684619, 5.15E+18, 9706379, 7085644, 3.32E+13
81,9208234, 2614823, 8131669, 1320819, 1.06E+17
82,
83,952181, 7498178, 3458502, 4052792, 4317261, 9052623, 8559325
84,1634685, 6783703, 5519782, 8.08E+17, 4.08E+08, 2406850
85,8.20E+06, 1503016
86,3323995, 4088414, 6410841, 3674782, 4.64E+20, 638062, 7911294, 1402898
87,7041590, 7854075, 9568997, 2612314, 4114667
88,8640805, 4.00E+10, 3.04E+16, 3479815, 6.22E+15, 8211636
89,3447489, 2320835, 7.68E+13, 8.30E+07, 1488880, 5194019, 3356162, 600388, 2.43E+13
90,2.05E+20, 6695989, 3302014, 8968337, 2.96E+17, 9206466
91,4241059, 3567071, 8906554, 2768416, 1584980, 1762698
92,6.43E+06, 5.04E+14, 9.83E+19, 9526612, 7175268, 3.21E+08, 9563085, 2.39E+09, 5387768
93,2134396, 2152052, 8645650, 6982134, 8186855, 2.36E+18
94,5.61E+12, 8.24E+06, 1906592, 3687727
95,6635564, 2660533, 9419092, 7246860, 4.51E+12, 2.86E+08
96,9070967
97,7625213, 9882491, 6120232, 1943485
98,1254891, 5779734, 4501086
99,4549580, 9743464
100,2693211, 1501514, 5231702, 9597416, 9074262, 2329631, 6.93E+15, 4468569
101,7154101, 5037413, 4586626, 8127148, 8106347, 4156830, 6.65E+19, 4562711, 2783993, 3121926
102,2893284, 6895776, 9351433, 3427879, 5.32E+14, 2.05E+14, 2093573, 6504451, 5469041, 9183810
103,7.03E+18
104,8081092, 5712284, 6.07E+08, 9813063, 5997779, 3.79E+16, 4.45E+14, 1441812, 3739511, 2.76E+08
105,8782894, 8666812, 9774541
106,3628949, 2035129, 6395340, 6265562, 6996777, 6271230
107,4356280, 4709398, 6695799, 4801147, 9755772, 1.81E+05
108,2197187, 8.01E+18, 3790994
109,3284085, 7951341
110,7673119, 2539107
111,627611, 8.58E+06, 1898668, 7605611, 8.37E+08, 3987480, 8199878, 6042371, 1639701, 1679978
112,1699068, 5105104, 8830279
113,623547, 6521132, 1508678, 1161401, 6715617, 6063904, 4550130, 1989435, 4925195, 5115500
114,7910301, 8440809, 6530663
115,5.21E+11, 6015266, 7449852, 1197531, 2471454
116,7092429, 9474446, 3469721, 3438157, 1088751, 4.20E+19, 2867877, 7671960, 7354272, 8303665
117,6307841, 5346001, 2407112, 5291361
118,6587926, 9952288, 9.68E+14, 7494041, 9.09E+14
119,5.20E+10, 3840335, 6753377, 9673249, 4520174, 3.59E+14, 8067338, 6435050, 6855645
120,5113734
121,3348089, 9687723, 7054372, 931112, 8019948, 3536730, 5461387
122,
123,8966590, 884941, 7.18E+05, 6555337
124,1701376, 5.51E+10, 8333761, 6091848, 7779779, 6.60E+17, 2183334, 5722274, 5034516
125,1973194, 7027556, 2754151, 6265907, 5888078, 7207438, 4640313, 5.10E+12
126,3382644, 2429017, 6696227, 8445657, 5411652, 8489201, 8644504, 7406147, 7528984
127,9.99E+09, 5565543, 9650501, 2.18E+06, 7.55E+12
128,9.10E+06, 8649859, 7378770
129,5.07E+18, 3223130, 1405212, 6041888, 2.25E+07
130,1534182
131,8179543, 2780371, 4714325, 773180, 5904604
132,6.60E+07, 7595640, 4.03E+09, 2352287, 3296172, 9990374, 1156866, 1570580, 6027755
133,
134,3195306
135,5032000, 1578287, 707177, 6667783, 6374971, 9736677
136,7.63E+18
137,3283176, 3102533
138,4419140, 4470023, 6.32E+11, 1597615, 7962674, 6598909, 9.76E+08, 8304956
139,8018792, 7896459, 4009753, 8811009, 2247626, 5352251, 3205688, 6968143, 2137755, 2339103
140,6444371, 7507801, 9563432, 9720847, 9304983
141,3.28E+20, 8209486, 4642530, 9533220, 7.78E+13, 3098221, 9825416, 9492232, 7688313
142,7147642, 2077150
143,8.75E+14, 8464635, 8135463, 5353606, 4226560, 1.39E+19, 3394016
144,6098359, 5402181, 2129235
145,6442659, 2882346, 7790777
146,7.61E+19, 9632160, 6898683
147,2851083, 5558584, 5405595, 3551440
148,4.60E+06, 2381796, 3950858, 584555
149,2885960, 1758882, 6434060, 6973897, 9076572, 3129252
150,2263317, 6119244, 1.47E+08, 8659927, 9590955, 6231421
151,9.15E+11, 7431096, 918931, 9.34E+13
152,1630923, 2241243, 1560423, 2717226, 2590325, 2675296, 9660689, 8660307, 5074920, 3957668
153,3.06E+09, 9133746, 2936951, 2503298, 4380429, 9.23E+09, 4332068, 1168517, 7806596, 1575951
154,5680224, 5015489, 6922119, 6233878, 6295344
155,3728862, 3192185, 9823308, 8824284, 8818482, 3148927, 1553137, 1370166, 9586175, 4257004
156,3009666
157,4216770, 4110650, 7207913, 2912143, 2244561, 1608604, 2491302, 5.48E+07
158,4.59E+10, 1882903, 2745101, 5044895
159,
160,5281121, 3576935
161,
162,2.65E+13, 5362731, 7326658, 2808797, 6929273, 1546050, 2845531
163,5377562, 8581574, 628371, 5433920, 5031579
164,819867, 5760840, 9585509, 7818537, 2153493, 5292342, 3711277
165,4.78E+11, 1590054
166,5566854, 6513731, 9430849
167,1623179, 7233795, 3838910
168,8432530, 6314717, 817357
169,3028247, 6.56E+15, 2858168, 8120836, 1289058, 9756690, 1196880, 7471816, 6102522
170,8541457, 1032444, 6248512, 3044690, 4551577
171,
172,8228416, 2728256, 6876023, 7048356
173,4442867, 7093980, 9505201, 8.65E+11, 1019904
174,1940664, 5.62E+08
175,5122977, 9818931, 1193073, 7251972, 9532073, 2.10E+12
176,6696395
177,
178,8038218, 7.19E+05, 4867796, 4932442, 2168520
179,1811618, 9756468, 9246544, 3526735
180,6546818
181,9245561, 3023998, 9778170, 4247862, 3347825, 2602140, 5167167, 5.68E+07
182,4029862, 6765253, 8065284, 6344554, 5771632
183,6524211, 2140991, 9.54E+09, 581207, 3.45E+05, 8685338, 3.58E+20, 8425794, 1210249
184,9444533, 5987382, 4088733, 5285437, 3792222, 2123983, 7749678, 4622803
185,7047346, 9561921, 1225451, 6501190, 9348815
186,2028673, 4339098, 8421870, 4079771, 3784431, 1013663, 7941536, 9593622
187,
188,1164129, 3879561
189,4643242, 7.03E+14, 9275067
190,8536570, 6.39E+14, 6981850
191,4947483
192,1857644, 5224623, 3278379, 6604636, 6376991, 7661675
193,7472075, 9.03E+20, 4331749, 5669777
194,769444, 3722679, 8864709, 8.82E+06, 6794141, 7104346
195,2829261, 5490532, 1.67E+16, 3115593, 734764, 9721158
196,6378334, 3792171, 7566275, 7830883, 7443759, 9112974, 3722125, 2411448, 3738239, 3696444
197,9980010, 4153987, 8460968, 677127, 3485799
198,5605475, 8666291, 2.55E+10, 2484097
199,6377809, 4208589, 9286118, 6633148, 8423514, 9800185, 4556770, 5659769, 4645080, 9657489
