0,976489, 7611265, 7266580, 5140968, 6110717, 3153349, 4.15E+08, 6320305
1,567021, 4642101, 6445187, 4432421, 8161300, 4790481, 4572224, 8832441, 4499635
2,8943075, 6871782, 2897899, 8052349, 8066301, 9726827, 6.21E+19
3,8237119
4,
5,6481753, 3282053, 7735693, 1128524, 7377971, 4297024, 3818716, 1341934, 4625153
6,8874313, 8793250, 2359715, 5.36E+16
7,7996284, 8286384, 4521933, 5390909, 2499846, 6670969, 4.12E+17, 3392735, 7819326
8,4459945, 9448266, 8379270, 6716172, 6377089, 4453313, 4665344, 7216531, 2595021
9,1932932, 2433086, 5600349, 9577217
10,9738443, 1822364, 7846557, 4891964, 8482307, 2807519, 5415886, 9700474
11,2062352, 7.44E+07, 8027481, 7938077
12,4941069, 7.07E+12, 2.29E+14, 6797559
13,8837656, 8881209, 7898492, 1101937, 1298804, 4541896
14,4457529, 8044352, 8348513, 7727661, 9825596, 2311344
15,8502144, 524917, 2180697, 4.71E+09, 8235424, 1094294, 9.44E+11, 6725797
16,2027420, 859969, 8776878, 5.67E+18, 4778507, 4703997, 2.00E+05, 8231846, 3785878
17,9207212, 6019363, 4988014, 4156978, 2217651
18,7214524, 1386182, 2868389, 1289924, 3453088, 7126756, 7578148, 3627829, 838320
19,9.76E+08
